#nbsrc nbobj nbfct
10 10 40
#links between sources and facts
#source 1
3,8,10,15,19,21,28,32,35,38
2,5,11,15,18,21,28,31,34,39
1,7,11,15,20,21,26,29,36,37
2,8,9,14,20,21,27,29,34,38
3,8,9,13,18,24,28,30,36,39
2,5,12,14,19,22,25,31,34,38
3,7,12,16,17,22,27,29,34,40
4,6,10,16,20,23,26,31,36,39
2,6,12,16,17,22,28,29,34,37
2,6,12,13,20,23,27,29,33,40
-
#links between objects and facts
#object 1
1,2,3,4
5,6,7,8
9,10,11,12
13,14,15,16
17,18,19,20
21,22,23,24
25,26,27,28
29,30,31,32
33,34,35,36
37,38,39,40