# nb_sources nb_obj nb_fait
18 8 32
#Sources 13 est l'eternel 2e
#liens entre les sources et les faits
#source 1 :
1,6,11,15,19,23,27,31
1,6,11,15,19,23,27,31
1,6,11,15,19,23,27,31
#Source 4 :
1,7,9,13,17,21,25,29
1,7,9,13,17,21,25,29
1,7,9,13,17,21,25,29
1,8,9,13,17,21,25,29
#Source 8 :
2,6,10,14,18,22,26,30
2,6,10,14,18,22,26,30
2,5,12,16,20,24,28,32
2,5,12,16,20,24,28,32
2,8,9,13,17,21,25,29
2,6,10,14,18,22,26,30
3,5,10,14,18,22,26,30
3,5,10,14,18,22,26,30
3,5,10,14,18,22,26,30
4,5,9,13,17,21,25,29
4,5,9,13,17,21,25,29
#Source dipliquee
-
#liens entre les faits et les objets
#objet 1 :
1,2,3,4
#objet n :
5,6,7,8
9,10,11,12
#Objet duplique
13,14,15,16
17,18,19,20
21,22,23,24
25,26,27,28
29,30,31,32