#Counter example for monotony borda O
#<class 'borda.Borda'> O
#f:3/g:4 src7 claim fct3 instead of fct4 but not 1.6666666666666665 < 0.3333333333333333
#nbsrc nbobj nbfct
20 17 28
#links between sources and facts
#source 1
#src 1 va s'exprimer sur fct 2
1,14,16,18,20,22,24,26,28
2,3,5,14,16,18,20,22,24
#G1
1,3,5,14,16,18,20,22,24
1,3,5,14,16,18,20,22,24
1,3,5,14,16,18,20,22,24
1,3,5,14,16,18,20,22,24
#G2
#contre exemple
2,4,6,14,16,18,20,22,24
2,4,6,14,16,18,20,22,24
2,4,6,14,16,18,20,22,24
2,4,6,7,8,9,10,11,12
#Autre sources
13,15,17,19,21,23,25,27
13,15,17,19,21,23,25,27
13,15,17,19,21,23,25,27
13,15,17,19,21,23,25,27
13,15,17,19,21,23,25,27
13,15,17,19,21,23,25,27
13,15,17,19,21,23,25,27
13,15,17,19,21,23,25,27
13,15,17,19,21,23,25,27
13,15,17,19,21,23,25,27
-
#links between objects and facts
#object 1
1,2
#other o
3,4
5,6
7
8
9
10
11
12
#autre objets
13,14
15,16
17,18
19,20
21,22
23,24
25,26
27,28