5 - P;P>R;S;Q;T
1;1;1;1;1;1;1;1;1;1
1;1;1;1;0;1;1;1;1;0
1;1;1;0;1;1;1;1;0;1
1;1;1;0;0;1;1;1;0;0
1;1;0;1;1;1;1;0;1;1
1;1;0;1;0;1;1;0;1;0
1;1;0;0;1;1;1;0;0;1
1;1;0;0;0;1;1;0;0;0
1;0;1;1;1;1;0;1;1;1
1;0;1;1;0;1;0;1;1;0
1;0;1;0;1;1;0;1;0;1
1;0;1;0;0;1;0;1;0;0
1;0;0;1;1;1;0;0;1;1
1;0;0;1;0;1;0;0;1;0
1;0;0;0;1;1;0;0;0;1
1;0;0;0;0;1;0;0;0;0
0;1;1;1;1;0;1;1;1;1
0;1;1;1;0;0;1;1;1;0
0;1;1;0;1;0;1;1;0;1
0;1;1;0;0;0;1;1;0;0
0;1;0;1;1;0;1;0;1;1
0;1;0;1;0;0;1;0;1;0
0;1;0;0;1;0;1;0;0;1
0;1;0;0;0;0;1;0;0;0
0;0;1;1;1;0;1;1;1;1
0;0;1;1;0;0;1;1;1;0
0;0;1;0;1;0;1;1;0;1
0;0;1;0;0;0;1;1;0;0
0;0;0;1;1;0;1;0;1;1
0;0;0;1;0;0;1;0;1;0
0;0;0;0;1;0;1;0;0;1
0;0;0;0;0;0;1;0;0;0